1000 9877
217 651
199 495
403 26
962 375
545 453
599 14
103 895
623 132
534 927
498 823
817 681
270 217
271 128
256 615
664 356
60 693
591 843
887 160
431 462
986 147
754 215
493 897
282 538
247 182
32 77
87 553
199 51
971 90
22 616
683 878
502 96
928 119
801 511
910 11
714 904
587 394
19 422
297 72
632 997
763 333
514 611
970 353
737 618
311 443
847 741
424 69
98 36
691 9
121 240
473 418
444 143
800 415
784 884
876 138
862 461
831 902
482 937
619 168
267 287
515 117
535 110
999 93
613 958
475 441
735 615
666 26
651 450
410 348
497 346
953 750
515 275
20 659
348 224
97 288
371 129
26 831
603 634
450 419
785 666
219 226
475 28
537 9
558 369
872 664
533 61
699 813
617 100
397 842
107 338
785 964
916 26
494 10
370 44
833 652
211 868
753 501
384 979
608 464
203 916
366 701
463 680
692 368
51 616
142 849
881 265
864 569
648 937
352 27
483 245
543 571
160 176
473 47
551 28
297 654
55 845
574 967
906 389
720 908
842 456
973 603
393 447
251 351
640 616
74 764
790 670
667 321
597 128
505 216
530 59
574 176
852 818
464 915
22 854
688 898
175 188
912 278
417 936
79 784
123 480
249 61
179 934
739 213
922 962
482 589
836 524
413 717
819 374
139 978
990 269
222 923
328 138
676 941
427 590
309 686
755 658
665 190
789 27
870 65
29 575
802 993
567 35
491 724
158 957
719 868
868 610
335 623
46 758
341 750
196 167
859 865
346 340
965 849
236 180
470 829
982 318
793 316
203 547
864 999
902 249
173 959
15 432
181 88
369 392
865 556
517 879
860 193
65 800
782 381
420 518
13 865
995 138
298 166
639 731
952 215
22 673
976 301
886 800
635 96
29 423
74 272
682 467
758 366
473 854
992 738
709 587
426 396
558 928
540 251
861 817
221 402
573 125
463 85
600 5
249 985
781 80
196 688
71 624
809 159
440 379
837 201
651 445
559 284
597 585
856 72
255 638
309 529
634 718
374 973
89 851
127 655
888 77
559 626
328 900
805 670
702 826
92 234
98 882
962 735
928 851
945 779
582 448
306 839
429 770
190 505
157 272
732 356
935 257
320 818
321 495
488 104
15 359
590 233
869 414
265 772
893 264
454 732
241 225
332 56
703 27
315 842
264 808
68 514
60 658
646 361
795 545
561 647
530 462
365 209
661 612
80 335
834 120
963 644
141 196
51 382
169 538
377 820
95 9
811 328
563 475
236 373
199 991
246 30
356 714
361 800
821 39
530 3
549 805
127 265
118 68
995 425
892 635
288 489
307 311
787 513
349 176
645 483
246 637
254 279
148 736
653 105
11 664
1000 859
965 983
515 24
737 920
657 319
16 65
845 658
628 294
349 451
888 395
358 19
239 500
242 568
6 959
12 356
231 880
931 6
718 322
439 856
49 233
893 1000
741 308
851 460
784 499
659 513
219 54
422 617
993 547
707 781
210 463
786 644
915 256
141 955
441 97
59 542
116 549
726 426
926 184
865 89
342 419
306 487
428 568
57 162
385 747
831 74
820 249
103 975
507 206
271 131
114 484
5 83
420 606
919 612
722 886
27 340
681 724
618 807
30 585
588 83
626 282
679 356
22 617
316 782
942 558
126 653
184 488
147 732
499 797
527 769
341 286
288 390
914 198
937 127
900 373
919 187
813 980
524 521
247 580
305 709
303 854
481 619
933 459
992 537
701 127
845 355
545 723
529 54
602 996
874 898
810 553
957 326
207 155
818 12
692 533
533 535
893 796
978 326
248 879
376 12
969 25
619 672
130 189
820 620
146 100
139 169
965 237
850 84
288 945
932 506
277 43
465 443
606 608
609 460
186 119
577 878
928 812
31 397
708 178
953 463
510 420
239 238
298 764
225 564
172 213
393 768
607 789
334 117
750 734
931 256
935 376
59 717
744 467
907 283
343 141
769 478
238 413
494 11
955 503
557 343
156 400
393 994
54 499
720 251
995 435
445 974
268 841
964 510
158 333
752 684
660 919
203 868
582 477
665 575
722 568
233 541
159 813
169 805
264 79
856 745
570 631
1000 328
655 434
714 602
754 331
74 387
624 803
131 159
978 998
260 825
944 858
100 568
446 516
866 896
929 574
89 265
574 256
944 809
598 410
196 974
107 157
550 281
112 245
870 570
11 595
250 367
842 43
849 893
597 707
150 213
281 619
6 831
858 884
729 612
92 103
42 594
969 53
788 607
510 151
535 226
379 712
164 144
89 886
230 225
286 151
825 583
253 368
99 806
6 790
72 304
607 946
423 507
744 416
955 301
897 252
684 28
564 634
530 694
954 886
955 531
578 682
934 930
879 176
812 271
734 968
175 287
999 292
920 856
462 803
320 635
985 374
994 764
385 844
406 598
259 205
697 283
762 755
728 447
699 523
854 195
861 765
700 573
921 399
406 688
278 951
593 580
351 860
246 162
14 292
986 541
715 489
45 690
304 628
807 74
157 905
217 784
533 734
734 177
614 475
26 16
300 919
585 807
857 522
435 604
440 882
940 711
653 230
837 89
415 247
258 302
850 212
598 866
803 86
966 646
516 689
828 739
741 654
297 893
391 927
17 518
492 988
21 110
478 975
617 769
48 4
102 843
547 42
716 979
533 3
827 298
907 466
113 755
235 302
946 987
802 87
350 627
816 871
720 24
108 961
915 157
369 427
77 890
265 496
85 351
123 132
584 658
18 360
56 75
730 228
202 710
545 25
963 758
503 209
646 505
186 937
501 432
1 160
350 207
332 366
925 735
568 452
735 56
961 235
139 883
947 40
714 997
454 40
38 299
321 741
571 709
19 618
249 11
230 221
748 91
453 113
666 354
814 154
636 736
714 86
827 797
340 660
107 387
658 529
394 832
559 307
706 773
783 955
991 804
741 593
138 332
250 744
841 907
971 980
665 117
24 363
722 126
817 146
215 223
732 43
789 28
314 252
704 524
613 447
802 153
312 405
827 310
24 9
268 811
841 630
276 167
547 804
398 374
237 822
861 326
151 650
756 428
702 275
425 453
958 249
69 926
75 261
333 581
855 743
375 462
618 645
694 582
700 903
576 669
829 741
99 24
136 110
709 863
88 807
605 798
181 546
802 148
313 602
647 965
62 383
801 509
913 219
162 55
919 325
248 540
605 544
986 546
805 430
718 961
353 359
705 202
524 522
887 742
264 448
257 633
343 19
463 159
800 401
668 845
830 964
684 983
246 865
121 221
413 743
990 279
580 535
512 799
255 440
399 677
184 916
560 555
248 71
121 319
571 173
97 294
334 53
999 317
552 302
185 971
93 850
149 96
599 744
379 525
286 203
362 853
436 764
203 731
702 755
479 574
171 377
944 7
104 804
327 634
842 682
666 28
389 339
997 14
871 549
603 395
626 1000
54 321
937 851
784 463
644 916
918 766
479 988
25 637
764 894
569 376
128 370
368 599
379 305
261 58
218 249
950 702
99 342
1000 427
216 474
927 666
416 44
240 480
536 781
740 469
722 712
356 478
711 340
327 79
19 230
591 990
269 338
5 963
482 7
669 785
339 754
781 503
648 52
852 828
505 79
394 928
511 97
335 279
999 780
31 526
378 822
821 744
454 387
496 661
79 786
117 75
687 211
856 213
842 998
383 392
991 713
408 582
638 438
719 234
628 744
791 230
903 488
120 959
68 295
286 506
112 547
893 845
840 295
676 949
989 218
4 950
724 921
414 489
586 902
58 95
25 142
158 978
529 750
453 542
793 145
78 133
704 628
470 819
253 417
271 774
868 44
56 850
76 301
479 816
6 448
941 539
854 260
548 643
18 498
642 728
81 274
783 5
180 98
427 389
826 412
973 283
302 755
963 797
108 764
74 572
8 402
402 119
920 712
316 977
578 508
321 77
912 680
985 486
658 324
587 374
824 36
233 353
113 227
756 883
316 832
756 985
982 501
274 460
477 755
288 98
58 874
826 976
728 530
374 404
16 298
679 525
615 659
145 347
457 89
754 673
373 213
571 234
738 173
520 968
429 662
638 466
16 103
1 469
954 501
607 477
535 144
885 219
776 545
185 545
522 640
295 540
301 139
374 963
778 534
605 93
880 580
866 555
333 206
728 575
76 540
23 691
618 107
38 672
262 24
747 448
498 702
24 93
175 811
262 939
248 725
304 216
920 337
720 309
996 130
725 588
63 85
449 321
160 796
951 218
801 405
208 1000
885 930
441 261
75 280
627 279
763 173
332 393
551 623
530 460
344 327
752 580
829 704
601 865
312 582
913 365
456 784
963 248
774 266
691 272
618 848
14 487
716 197
338 639
32 770
786 407
770 560
437 789
791 874
204 512
425 821
923 82
249 153
445 940
487 179
5 712
457 484
10 892
925 913
287 360
34 57
988 491
143 980
167 984
511 142
229 68
230 354
269 862
533 753
515 26
776 590
64 288
905 814
91 508
932 113
573 353
996 780
577 614
500 83
852 296
175 709
571 128
893 216
618 173
656 386
187 710
497 588
388 757
776 827
589 438
146 835
92 139
898 498
573 692
996 497
249 994
998 163
945 821
965 442
628 228
428 446
579 312
723 927
845 165
582 716
788 59
613 42
885 789
557 444
256 459
76 196
291 385
985 316
541 63
445 138
881 76
93 235
189 133
853 238
708 679
89 17
933 774
718 736
950 277
469 358
825 502
165 125
488 480
706 307
621 164
697 556
865 402
77 303
558 623
359 392
783 474
507 765
770 903
923 100
444 138
818 955
805 143
457 17
631 621
549 138
593 254
958 140
41 995
26 73
686 820
914 648
935 822
610 283
900 550
63 715
784 164
40 650
989 245
404 829
945 119
68 226
491 749
756 23
224 928
393 693
767 945
759 993
410 748
675 184
254 943
292 712
59 719
78 217
841 529
309 11
402 735
739 730
399 62
609 910
955 614
480 838
834 877
817 633
860 485
855 129
643 785
864 474
96 662
659 219
458 440
935 190
367 584
449 43
158 731
593 700
721 391
740 421
536 844
265 361
680 584
327 223
147 653
403 759
443 546
960 712
118 224
680 727
283 937
494 679
260 827
744 734
105 900
325 859
198 219
53 309
545 524
666 296
559 39
905 644
987 507
643 24
771 111
115 553
850 460
779 584
892 899
287 177
770 141
992 773
599 341
188 794
616 837
744 793
29 561
719 67
633 134
651 483
690 327
267 26
345 974
975 330
962 839
210 224
653 418
710 669
719 865
430 660
977 690
557 151
669 509
816 31
46 612
416 397
607 973
251 539
355 656
120 491
832 492
272 531
894 699
778 38
856 826
638 700
566 137
806 408
328 551
846 937
722 395
436 767
191 220
527 278
532 248
574 791
705 708
501 553
428 657
74 573
436 132
347 611
534 821
846 587
815 504
7 719
543 937
866 416
868 428
520 865
368 48
481 759
100 591
619 553
916 851
4 373
61 100
445 261
515 771
697 612
771 429
313 883
260 942
482 778
562 493
987 856
724 680
532 897
2 148
420 443
978 381
123 866
511 459
738 285
304 291
682 200
804 914
269 539
92 386
900 899
225 295
980 433
49 113
400 741
6 45
936 951
928 999
728 569
167 694
917 189
543 43
784 394
698 488
703 721
543 440
233 927
608 189
637 852
864 791
132 573
495 507
650 446
401 613
233 808
953 208
146 657
845 17
77 999
100 88
427 248
961 992
697 234
661 399
555 132
901 400
371 551
801 4
910 663
720 84
204 125
317 314
66 122
180 246
717 825
762 674
970 407
878 372
286 566
449 140
198 852
804 530
471 791
40 895
191 692
69 508
450 622
568 437
592 459
648 461
83 688
639 431
966 149
142 507
862 74
844 753
120 683
928 492
637 858
853 269
783 630
128 736
280 959
58 609
149 662
784 923
322 886
810 717
818 246
921 199
10 558
11 891
84 659
988 185
310 469
150 258
63 551
963 493
374 812
177 416
145 898
257 72
519 368
498 284
650 737
724 320
254 801
440 733
206 900
585 285
112 985
521 741
663 934
78 194
279 953
894 352
551 897
954 957
442 236
669 342
877 723
414 851
129 961
270 306
650 180
9 4
85 369
195 721
950 579
499 472
761 804
82 837
70 638
489 861
131 390
397 375
832 440
705 942
317 32
889 779
914 178
644 95
994 682
886 158
191 680
144 809
681 214
504 349
886 9
944 768
636 544
909 510
343 774
224 502
296 3
792 904
80 874
286 738
235 22
128 716
218 1000
314 747
991 727
279 315
822 579
642 509
643 76
277 342
426 880
577 720
980 267
639 54
296 688
426 771
922 140
10 450
512 896
732 235
510 201
811 764
828 310
543 205
802 985
56 747
862 525
439 836
476 693
336 683
929 474
14 23
76 549
979 672
452 352
474 821
695 996
113 552
202 843
367 151
371 848
262 993
279 989
160 615
693 259
507 272
822 169
104 964
746 415
910 572
509 595
720 254
170 211
522 12
962 343
638 528
694 774
454 539
754 21
260 480
354 391
155 730
247 112
727 936
532 340
809 585
388 76
191 409
530 277
463 569
692 1
655 447
436 455
833 125
687 782
456 952
607 39
921 722
44 871
117 311
101 914
463 863
947 98
952 908
592 403
494 791
943 214
140 289
359 431
472 305
862 2
828 150
630 110
867 360
425 669
814 353
415 510
787 683
6 713
749 517
93 97
82 242
145 454
257 150
884 899
120 629
609 727
67 747
569 877
490 238
392 774
810 957
6 890
813 10
279 658
708 352
157 166
693 724
842 769
77 271
828 585
777 681
910 847
656 346
361 228
125 3
642 773
627 193
845 778
495 113
868 765
315 727
251 725
768 979
732 412
111 65
57 498
977 35
245 779
836 482
713 633
344 802
539 897
497 198
647 314
924 605
428 620
488 415
699 555
318 71
789 844
359 809
507 26
694 738
700 875
493 35
298 19
317 277
764 98
398 78
539 604
186 940
925 327
363 456
753 64
551 397
700 585
293 493
982 267
839 406
625 14
984 454
248 743
763 152
144 373
114 924
66 987
126 603
142 284
105 452
314 577
559 85
562 283
672 295
305 770
178 16
605 407
198 87
624 206
280 633
219 348
436 689
98 714
103 95
625 731
935 872
383 319
304 335
226 560
214 827
427 686
107 710
374 880
638 29
196 112
177 234
976 532
974 3
651 236
45 277
103 483
829 593
77 132
280 90
7 217
513 124
879 499
511 561
868 864
1000 184
484 105
76 82
198 811
542 302
592 866
385 530
224 550
833 584
65 998
835 6
817 567
363 761
199 407
57 138
773 324
886 759
189 413
924 976
308 61
39 447
444 447
561 699
356 257
88 735
269 438
436 153
131 429
42 240
673 434
101 422
915 493
420 949
352 963
739 209
759 50
763 55
428 916
657 870
472 92
715 168
716 199
437 994
990 673
829 416
133 505
874 859
766 837
677 252
787 916
610 817
203 365
235 924
515 894
6 293
44 702
870 630
980 18
728 43
784 781
88 138
417 852
398 529
878 763
345 93
776 481
322 887
54 530
164 118
222 964
577 715
694 339
932 115
607 563
476 87
889 186
164 588
50 988
200 925
291 474
295 514
832 854
10 446
232 610
799 114
15 899
182 144
185 940
860 19
36 509
883 178
367 13
828 625
613 485
850 985
337 42
944 30
893 85
16 513
237 529
366 207
148 6
168 860
388 533
544 835
851 577
911 411
915 988
399 183
337 980
983 53
829 943
243 478
65 962
797 433
333 191
552 768
664 506
403 398
356 342
488 358
612 591
154 507
100 846
959 786
467 351
925 414
673 493
801 144
179 356
825 282
402 189
565 410
359 599
715 199
41 404
118 759
363 770
247 58
946 401
235 858
606 383
933 149
113 314
338 609
640 943
916 788
900 369
294 672
559 156
464 827
835 860
213 976
931 541
516 161
24 799
776 270
779 977
136 685
162 949
127 15
202 466
758 231
61 397
245 464
456 566
121 226
490 489
404 985
956 158
323 523
348 78
741 993
633 232
211 446
802 615
839 704
385 109
884 991
885 258
266 824
74 620
675 92
223 609
872 526
85 879
360 290
694 219
695 182
347 44
572 675
332 952
417 957
693 401
110 381
724 725
907 287
924 505
767 657
716 613
932 954
276 838
423 49
265 211
410 908
531 712
475 686
95 649
963 29
445 970
428 536
17 579
473 385
551 138
809 575
160 181
582 968
566 461
554 269
497 404
320 395
485 699
682 105
665 861
13 431
9 769
66 210
514 830
435 27
554 47
22 521
1000 731
285 741
320 216
174 807
947 101
87 814
438 616
386 975
888 523
135 712
874 493
299 870
396 180
89 702
457 192
303 703
514 354
309 870
456 742
19 788
545 384
442 441
758 195
390 553
118 674
763 571
620 224
487 475
269 868
552 64
419 75
993 50
27 670
799 276
140 919
89 969
823 178
279 572
192 462
504 464
624 449
367 359
614 236
906 701
543 160
727 455
340 418
471 133
441 338
906 780
559 970
51 911
355 517
360 429
824 636
972 652
148 62
399 685
655 937
603 488
470 161
91 188
209 201
357 337
252 105
181 931
328 553
55 910
96 709
596 966
371 589
156 359
473 413
184 104
937 622
610 601
792 359
1000 394
69 851
490 824
17 696
532 361
806 376
754 137
772 312
209 516
172 648
307 147
273 999
229 730
692 230
565 272
144 596
952 843
735 192
761 573
361 847
514 693
420 880
403 898
728 161
235 947
986 537
145 463
490 209
888 551
761 287
365 701
140 817
960 99
173 266
835 933
909 150
348 784
386 245
614 479
418 706
715 600
741 936
746 894
64 518
608 883
491 905
10 411
908 432
833 130
900 796
831 520
301 793
732 67
660 416
898 493
438 466
522 385
225 519
140 616
660 279
484 155
328 871
493 339
319 43
985 820
107 773
660 117
60 841
573 992
858 170
733 762
864 631
134 263
285 873
181 808
419 494
227 166
851 992
356 258
213 391
605 901
778 916
810 107
60 542
332 283
907 995
550 153
169 242
820 303
191 545
873 666
394 773
514 742
903 984
388 315
687 961
879 410
301 69
80 753
363 98
610 161
706 716
727 986
726 523
827 928
205 972
810 574
829 242
995 758
537 763
113 575
176 685
857 618
36 137
609 217
791 299
686 71
796 643
799 236
489 203
384 297
307 261
633 188
542 518
673 725
122 454
267 36
713 244
966 742
497 577
387 991
108 867
504 375
747 469
529 538
768 894
138 426
712 11
405 518
737 456
441 251
760 791
300 330
858 364
986 345
641 130
695 371
254 513
247 333
935 288
77 56
388 933
873 169
391 562
33 434
932 790
26 941
613 87
202 911
525 865
471 753
275 90
792 304
132 305
53 9
744 41
873 971
369 36
276 624
477 534
697 343
825 394
330 808
866 358
648 141
278 472
795 814
390 607
563 314
720 244
892 438
970 280
592 282
496 399
117 337
998 542
464 941
302 317
947 8
729 397
758 474
52 595
459 319
398 579
666 445
615 724
66 691
451 675
162 946
255 197
830 721
177 151
395 856
876 279
144 88
418 667
454 325
974 956
158 585
55 195
934 706
719 104
940 419
154 816
871 157
49 46
175 730
159 33
586 799
839 707
879 630
446 588
521 980
205 794
466 145
802 983
361 125
715 846
590 878
992 457
620 801
371 52
353 513
13 333
121 541
565 564
941 977
254 835
353 626
798 170
525 594
716 442
628 251
135 367
301 515
399 138
699 912
242 29
900 987
462 558
871 694
964 340
323 356
128 374
366 458
593 6
591 535
691 913
375 136
604 898
683 21
597 455
544 701
483 251
377 604
708 992
145 523
878 464
369 192
668 278
65 207
228 269
245 719
200 806
114 346
902 595
411 916
146 155
330 531
123 287
969 531
265 584
710 298
838 383
680 873
990 74
994 25
160 94
45 585
389 727
196 971
783 571
516 134
439 369
800 433
764 285
359 62
326 205
808 92
865 157
965 140
430 223
982 792
842 167
844 793
738 372
315 45
7 307
97 355
753 20
510 152
810 808
45 13
728 689
68 178
824 944
179 763
953 524
510 235
314 94
461 989
23 570
561 503
690 725
267 108
336 649
870 458
729 954
91 401
198 277
58 202
544 797
211 650
104 772
727 292
536 433
534 652
292 751
544 908
686 571
341 970
987 72
608 259
555 268
792 74
411 25
467 924
564 502
217 709
242 144
939 122
129 131
150 999
834 844
520 781
782 468
730 909
808 847
476 965
287 780
959 196
467 762
647 193
442 964
699 196
541 228
31 321
1000 282
194 497
968 760
221 552
445 32
726 915
682 477
23 327
796 69
347 910
888 953
409 448
890 11
676 386
640 872
900 330
888 552
795 52
486 833
108 211
2 224
921 462
244 819
526 486
156 633
585 857
793 644
939 898
600 186
841 176
109 1
79 16
694 503
415 242
733 19
789 289
901 807
527 950
707 616
484 471
999 496
414 446
55 440
774 462
576 321
6 868
390 455
410 513
33 730
767 997
788 350
640 635
153 289
750 552
346 306
348 452
966 383
115 499
371 925
7 219
158 93
768 945
971 666
774 123
119 440
817 420
450 135
492 526
661 283
186 765
171 99
742 926
556 286
691 185
414 901
385 641
355 879
1000 88
639 903
198 715
713 885
762 574
545 28
748 637
949 306
288 289
761 766
136 119
782 210
431 416
972 196
97 212
100 927
960 828
375 263
260 522
978 792
209 769
627 855
649 921
213 826
446 669
622 606
330 102
79 801
869 463
448 229
69 283
785 218
291 785
918 478
4 394
758 153
745 750
29 24
417 731
288 717
239 540
28 647
738 316
652 108
310 424
798 429
110 517
400 708
111 820
295 397
354 971
595 251
888 111
267 180
984 898
733 793
145 784
37 770
208 396
337 40
530 985
361 162
492 844
155 804
814 565
449 519
855 797
573 914
833 697
100 488
798 105
677 888
932 791
556 939
940 266
447 234
124 101
461 747
882 57
539 760
725 733
172 563
506 293
696 973
181 779
735 468
34 538
497 494
602 59
895 658
217 991
218 256
806 129
333 977
565 294
839 459
456 816
231 970
40 975
331 240
266 886
578 83
545 794
231 411
252 598
326 437
643 501
492 69
627 898
256 741
874 701
75 836
256 954
579 692
2 313
596 145
799 540
620 111
839 783
435 509
538 278
382 657
883 596
59 150
633 125
226 445
616 877
432 292
982 876
567 822
474 611
731 730
111 618
700 149
22 393
480 48
874 128
414 359
495 888
645 901
81 988
928 947
802 980
417 434
932 375
629 779
704 510
101 354
328 914
638 91
529 517
218 975
988 958
957 885
140 561
471 449
842 727
366 233
884 366
650 482
470 155
898 756
955 525
116 519
617 254
581 603
204 418
468 543
893 458
522 537
380 338
109 108
381 647
260 114
394 760
786 166
332 348
868 382
890 274
400 388
130 565
810 179
597 137
155 106
925 642
855 705
456 955
166 302
196 933
468 66
415 709
537 999
130 343
22 873
295 194
815 36
502 199
801 766
948 635
640 828
625 466
919 74
957 499
275 292
295 785
231 67
508 708
969 430
719 222
797 864
62 811
980 298
969 63
720 883
702 614
23 964
889 880
102 71
824 945
162 296
418 926
534 48
538 959
188 628
420 251
908 285
250 813
708 498
819 827
569 588
197 627
582 622
90 856
533 425
741 455
924 553
158 241
142 538
90 203
107 795
271 946
310 988
204 375
831 170
281 714
512 90
901 440
389 84
670 255
789 280
665 541
777 251
617 500
910 313
569 121
114 294
886 904
703 194
523 600
377 744
431 399
829 296
591 953
688 744
730 351
930 685
326 354
623 520
351 821
522 611
81 665
601 42
796 172
89 510
74 362
165 49
424 117
544 585
785 108
605 611
719 495
799 405
191 882
626 176
549 108
108 204
145 350
653 62
141 234
962 181
199 564
889 50
905 821
857 524
322 20
839 612
865 41
331 853
146 278
552 461
862 686
242 527
813 474
392 842
375 745
391 4
563 719
603 522
605 88
163 253
666 944
371 126
278 670
728 573
40 359
340 963
345 863
789 2
860 185
989 475
77 129
561 315
669 477
745 111
232 182
12 556
368 950
987 87
327 718
423 973
185 81
313 132
422 294
974 339
501 759
281 678
621 742
507 74
316 684
1000 89
428 738
752 746
713 884
168 386
660 853
420 722
632 644
513 573
53 364
490 941
363 425
626 497
898 175
632 866
27 254
139 792
91 732
4 916
170 746
890 189
207 687
577 532
4 341
840 857
314 608
204 652
729 283
490 353
649 634
779 519
407 862
916 516
999 160
892 848
287 937
757 94
496 839
140 970
384 444
719 150
483 982
984 613
107 278
921 889
870 177
926 136
374 800
931 15
291 428
129 25
334 76
685 4
31 457
707 980
963 382
429 326
343 384
167 854
760 938
86 610
193 924
401 778
702 822
627 43
497 818
719 635
595 585
301 686
52 340
219 301
977 249
171 78
677 712
473 426
186 513
43 904
488 361
217 941
679 63
820 119
74 625
8 95
743 857
672 166
545 168
375 373
624 687
382 691
791 679
758 318
985 243
47 151
585 724
36 644
701 150
223 634
670 755
268 375
344 245
967 439
623 689
183 580
98 60
784 733
661 964
344 868
936 424
168 50
294 566
525 170
767 491
77 211
53 949
274 578
3 128
406 207
818 7
250 453
253 994
10 96
590 547
144 800
244 155
683 619
727 734
783 884
879 515
111 629
59 6
477 363
704 209
971 967
360 400
288 968
897 862
680 346
202 514
890 681
900 839
319 5
580 307
290 464
694 303
508 502
290 161
625 962
771 562
578 780
941 510
484 383
727 429
712 986
492 802
385 460
606 42
57 372
693 271
953 178
483 287
263 453
391 528
967 561
787 311
493 170
55 935
43 103
405 660
233 629
750 434
574 892
846 961
632 589
744 7
764 90
506 326
103 1000
416 34
31 924
539 628
846 624
890 416
483 74
670 418
104 373
583 647
121 44
80 270
152 907
155 508
618 770
752 272
73 884
290 809
990 814
113 330
188 380
99 139
571 805
843 56
153 636
215 986
709 607
71 358
623 969
921 583
114 967
939 762
752 77
805 221
726 561
436 88
178 507
663 64
226 495
609 976
286 621
362 255
816 753
589 876
774 746
793 863
746 793
837 110
604 367
287 77
184 950
893 839
179 765
272 425
257 27
422 895
15 964
379 932
715 876
188 740
797 562
166 35
214 620
451 106
828 564
647 16
921 236
431 997
108 822
180 731
214 792
722 519
955 443
833 759
870 298
971 577
464 13
941 533
671 444
214 185
233 803
129 430
648 523
631 424
320 716
851 856
526 556
451 104
199 316
146 328
89 808
501 564
351 59
673 587
94 445
61 812
669 941
119 26
568 64
217 22
950 958
719 44
386 541
403 681
977 636
579 960
818 568
434 305
267 24
237 316
75 33
203 500
576 586
369 972
596 389
173 724
563 372
302 264
163 125
288 342
787 892
936 322
274 345
204 538
585 637
751 698
279 153
83 264
84 55
585 974
268 398
876 187
549 107
648 308
447 888
709 341
835 934
933 285
679 873
41 941
210 780
12 26
508 745
576 555
664 665
628 714
885 165
1000 694
689 890
227 775
376 75
53 499
340 750
803 206
144 305
720 848
202 715
367 279
991 969
941 36
620 997
714 366
833 342
348 160
791 486
625 31
816 210
196 124
42 902
309 960
907 122
376 920
826 6
820 632
479 636
190 481
46 722
243 86
671 370
158 67
930 40
773 430
497 789
759 597
150 679
621 596
604 806
162 241
474 15
441 958
637 170
765 341
640 492
750 507
707 452
964 573
90 462
255 904
165 400
886 634
407 439
894 773
436 357
222 338
955 899
152 596
852 557
355 79
84 407
377 651
322 519
236 186
754 315
630 494
351 155
970 334
647 27
765 921
288 259
786 126
22 564
593 520
946 376
948 286
991 472
494 864
244 627
761 335
911 571
255 93
683 680
283 294
377 199
88 142
362 277
439 443
728 990
411 410
88 317
197 101
714 81
296 842
225 100
429 18
267 379
32 708
989 122
496 945
392 920
466 592
784 190
948 961
315 452
290 154
665 126
647 186
480 372
432 247
78 280
253 1
552 712
183 378
721 823
885 588
963 270
822 792
589 376
702 681
522 307
150 720
929 275
693 298
73 965
792 21
357 261
265 782
803 516
879 241
972 949
609 981
207 920
241 270
195 724
622 77
789 586
425 351
65 224
997 471
677 553
420 582
27 300
307 204
454 877
679 284
208 647
688 689
285 541
677 267
515 672
697 709
425 560
501 191
285 654
970 150
183 583
790 469
611 152
369 613
80 720
448 84
781 174
505 37
97 883
559 9
871 299
670 914
810 529
98 287
893 576
340 320
70 217
241 985
628 659
258 463
27 694
799 316
244 11
961 677
784 154
641 295
332 726
832 694
284 785
505 978
15 995
72 235
751 437
988 9
185 972
336 672
747 434
970 770
234 259
733 891
555 519
292 615
43 299
885 544
558 382
176 136
512 338
617 498
917 229
901 672
263 439
507 279
971 676
988 734
916 35
720 356
208 136
377 775
101 614
587 916
935 86
333 256
315 797
9 218
564 396
68 563
986 90
694 795
21 611
425 298
725 767
228 441
691 515
674 847
68 578
622 105
311 978
995 529
243 732
763 892
677 461
293 500
97 723
482 431
523 655
653 596
90 690
291 751
603 121
26 576
725 66
589 684
602 319
117 550
269 220
1 774
623 615
819 613
193 322
31 614
565 474
77 408
625 327
457 469
49 643
766 528
198 108
222 870
600 50
943 834
486 811
487 70
276 296
330 271
741 815
649 689
500 243
961 615
563 983
527 688
610 326
187 507
339 257
211 497
620 883
785 450
839 531
642 77
867 965
188 903
467 469
193 831
229 734
680 487
576 376
120 207
111 878
628 4
683 850
613 424
625 9
857 430
33 684
50 706
234 359
197 625
456 172
765 919
762 825
948 361
911 430
559 561
826 210
607 971
441 48
686 574
913 482
840 899
197 659
468 972
332 190
264 678
191 117
640 1
826 308
494 158
996 100
962 180
809 543
901 55
330 941
317 272
997 414
86 87
787 48
769 589
77 688
630 368
660 261
997 495
753 123
187 893
598 109
550 192
863 27
792 696
953 605
711 87
507 605
801 636
995 992
869 775
912 476
567 692
109 914
970 775
130 313
377 42
50 64
841 347
364 352
993 368
473 744
917 647
752 227
135 974
982 827
404 925
867 617
941 146
83 214
945 215
747 207
763 471
549 477
752 56
998 92
734 120
456 115
185 923
628 489
353 733
561 16
284 857
301 789
49 196
107 586
805 645
96 185
872 586
578 614
215 160
897 167
615 687
870 324
963 162
727 197
750 375
612 667
483 457
636 257
484 22
218 102
158 354
347 423
850 562
320 553
59 596
820 238
878 28
990 570
111 439
5 102
802 411
852 703
191 335
928 135
213 387
39 69
437 715
313 469
298 131
264 15
466 874
854 116
458 333
442 854
703 369
799 886
933 252
222 397
244 717
830 844
597 79
448 474
783 350
491 412
476 488
402 391
994 109
210 572
50 405
433 283
990 1
832 239
410 61
619 809
305 801
639 314
586 434
89 762
850 584
80 787
562 395
601 343
602 952
16 43
337 667
40 417
726 351
900 591
560 680
969 100
628 303
921 201
723 85
463 342
653 258
240 751
236 940
409 910
616 48
82 473
345 697
440 739
132 761
258 556
423 298
903 92
143 72
319 833
414 187
976 900
974 403
760 795
427 60
64 241
698 465
314 486
722 299
552 482
818 167
11 394
413 18
911 279
244 49
7 990
319 984
584 295
398 489
953 118
574 838
995 495
25 102
659 196
308 30
950 581
700 808
510 988
117 906
17 644
165 260
222 335
133 294
339 625
69 696
515 530
934 348
716 145
352 996
226 901
122 210
820 407
344 72
612 499
331 322
283 487
708 604
13 178
394 948
400 185
353 655
448 85
925 989
931 512
435 337
697 934
460 772
637 888
308 880
211 776
81 678
743 364
368 477
139 450
69 141
16 857
67 612
733 39
568 770
736 228
348 250
367 334
149 7
816 268
120 137
225 437
589 569
1 48
43 413
730 625
384 87
212 768
228 870
430 754
785 801
962 739
485 226
342 341
955 224
24 156
958 931
523 194
816 840
471 288
661 336
845 467
833 523
392 303
952 487
198 833
95 773
133 120
542 476
731 261
143 435
635 389
511 698
937 279
739 159
422 217
100 963
545 842
315 818
145 196
273 911
237 342
630 471
672 51
670 578
415 561
331 366
973 691
981 152
529 495
412 741
288 443
862 117
443 793
92 736
679 758
294 592
44 643
193 611
122 315
953 965
535 23
6 707
44 530
249 948
110 887
793 861
996 892
135 890
268 467
836 788
908 393
948 954
334 25
447 95
968 499
966 546
251 694
127 610
258 613
885 402
702 490
202 774
702 663
59 883
189 800
850 922
544 785
486 894
2 529
521 551
258 903
638 843
996 263
299 49
542 143
506 535
20 253
663 853
356 53
301 756
730 998
60 785
119 246
925 63
69 973
95 889
901 54
137 153
191 298
565 121
35 962
750 63
551 58
730 776
901 71
1000 286
178 966
252 699
57 963
868 285
509 611
825 454
222 406
869 949
985 136
36 734
627 895
459 721
667 468
653 857
948 427
957 357
127 236
473 973
992 619
192 99
212 110
692 944
696 435
60 828
454 487
277 438
157 896
515 38
787 717
59 354
351 650
340 377
642 447
520 607
408 473
179 682
664 522
538 111
428 123
563 720
965 172
884 798
957 984
525 692
824 831
884 131
888 198
837 811
907 124
509 834
370 136
78 233
869 162
284 632
261 894
949 890
422 156
167 909
99 555
560 55
924 520
410 862
325 727
623 4
845 10
246 569
622 196
548 687
473 339
702 380
692 306
111 438
77 706
320 601
356 271
123 12
679 229
475 262
665 879
740 405
703 227
264 48
782 214
770 742
422 225
167 478
195 937
605 674
236 203
283 988
304 811
159 5
252 957
515 727
994 701
222 29
973 891
79 700
339 803
265 900
911 517
432 115
519 788
851 134
191 915
128 743
338 296
528 376
265 870
480 330
201 96
273 403
793 868
26 125
135 813
597 642
969 107
128 517
182 328
901 720
813 426
427 627
314 253
586 228
839 730
399 761
680 353
488 965
775 882
478 886
390 276
348 148
106 65
287 916
370 458
650 744
278 697
284 958
348 309
567 77
336 341
325 74
604 230
517 745
332 993
45 388
68 827
163 585
884 389
389 503
82 651
746 418
855 4
804 573
569 363
181 117
521 456
794 988
134 341
321 370
817 597
13 668
233 670
768 191
553 959
845 447
461 438
486 451
925 487
196 388
787 506
844 249
939 215
961 307
602 7
711 687
75 397
518 265
242 438
688 548
86 271
18 103
264 187
175 79
568 489
436 409
130 732
425 904
43 585
389 621
726 846
984 153
468 42
839 229
566 807
805 85
766 653
848 568
226 228
173 427
304 678
122 437
808 214
292 463
311 317
24 869
540 309
340 467
841 274
796 990
139 453
231 91
258 461
124 908
589 726
112 560
813 398
818 356
665 175
757 337
867 817
375 722
519 333
154 991
121 544
656 373
965 501
604 91
787 551
203 722
646 848
684 419
595 776
154 590
51 806
380 938
703 11
763 385
228 246
817 407
17 795
203 560
617 226
176 488
730 771
293 527
933 721
85 429
531 831
308 76
682 817
522 902
396 29
910 289
75 472
938 86
740 478
981 980
48 912
548 965
950 977
865 891
517 18
721 511
152 910
929 746
113 335
3 153
888 819
649 251
687 791
636 893
36 17
601 335
624 861
198 320
222 74
248 370
930 871
681 59
496 319
459 645
448 884
890 99
377 12
213 342
305 989
168 17
645 545
2 122
705 350
390 912
339 72
247 723
583 341
508 849
292 114
921 358
280 538
960 140
871 478
359 138
219 543
993 52
116 758
741 958
661 446
743 224
357 933
896 595
292 848
828 354
810 789
780 253
470 767
184 105
836 164
283 812
987 304
716 850
550 802
954 171
759 812
633 488
67 270
717 376
977 395
299 163
851 398
319 172
877 626
659 579
806 694
522 201
52 408
971 578
57 6
574 573
276 864
774 35
212 870
696 683
218 51
796 647
704 922
838 845
752 706
381 566
221 769
60 641
541 78
246 764
651 530
781 735
673 62
308 471
915 105
505 435
539 597
647 614
887 125
445 202
393 297
692 125
218 452
777 473
652 803
800 22
325 517
731 526
643 416
882 686
331 188
316 200
777 298
265 542
986 624
92 935
292 289
809 985
823 299
678 245
168 126
645 500
460 766
11 536
50 804
218 824
352 378
875 118
89 525
715 705
308 809
75 622
849 855
245 402
482 612
727 786
710 68
624 261
328 322
993 512
796 693
429 444
747 193
190 893
16 239
469 971
533 966
756 177
187 118
297 730
906 712
375 741
140 768
481 702
698 886
715 956
315 298
908 317
585 408
396 617
557 98
214 399
90 905
452 272
91 496
858 402
660 140
590 69
483 459
271 914
691 863
229 804
285 242
68 742
253 35
539 787
77 880
205 485
189 406
405 713
561 547
265 126
848 17
484 709
226 780
759 410
322 283
75 113
645 165
284 195
490 568
127 429
769 841
754 393
879 656
499 778
479 352
303 982
93 59
807 780
407 116
190 636
818 829
262 34
572 627
306 105
17 218
979 588
109 628
258 196
866 17
723 904
362 272
956 2
365 592
253 729
598 587
838 90
253 986
943 34
558 165
184 898
439 90
407 568
232 730
486 211
386 976
774 540
421 844
278 719
872 906
335 778
926 747
728 622
712 851
234 155
896 394
309 747
257 64
684 297
405 184
153 407
374 855
840 247
988 983
236 844
777 746
776 947
106 352
180 751
237 522
793 336
777 635
600 838
30 105
659 635
254 523
510 657
462 724
526 713
530 756
983 50
20 182
792 135
8 662
850 645
925 117
138 793
698 305
720 153
570 143
365 25
192 625
445 129
851 898
915 417
365 170
728 960
389 842
946 569
13 974
179 410
308 839
365 315
661 766
863 621
26 619
68 651
869 635
654 105
2 759
437 975
350 32
723 582
249 211
912 407
179 184
41 191
44 778
210 542
268 450
455 620
224 398
300 563
232 905
585 907
788 872
439 408
649 680
996 971
351 700
213 571
288 763
224 236
352 401
888 323
192 330
999 81
510 102
187 65
886 620
690 344
604 310
107 758
733 86
789 356
116 72
499 64
82 40
158 877
175 849
557 25
480 275
667 761
51 952
38 662
377 279
22 449
390 19
939 249
12 609
430 752
765 528
492 685
155 775
141 980
826 172
39 137
521 410
206 650
926 131
820 898
490 701
777 9
755 367
595 726
982 170
86 991
927 767
234 706
808 857
606 506
77 824
791 344
561 619
981 866
138 908
782 365
893 438
324 983
867 686
352 292
648 881
223 227
707 302
70 594
610 575
403 657
299 544
669 152
873 715
359 624
368 13
97 577
957 187
333 833
304 869
431 212
731 594
516 110
614 889
45 562
248 578
729 181
839 200
322 268
37 222
297 826
921 587
114 963
689 743
598 401
875 252
912 258
658 794
363 32
827 74
44 637
689 624
535 17
993 474
408 592
61 426
407 642
288 185
344 610
664 641
292 194
754 917
780 111
714 487
769 814
609 433
996 717
248 109
174 341
512 612
894 228
897 958
648 137
634 545
237 688
453 627
127 620
405 240
941 478
30 135
439 977
867 34
406 674
264 730
263 404
278 148
570 218
152 303
445 630
800 619
286 916
419 891
744 216
172 609
824 645
230 429
508 374
129 690
321 170
333 162
256 113
117 576
463 628
748 934
105 700
180 526
919 417
958 409
83 577
47 218
216 222
610 946
557 901
765 866
969 561
74 407
961 181
467 316
359 378
951 534
349 160
829 118
5 596
546 908
542 852
69 289
508 775
198 79
861 773
257 959
822 3
378 707
628 679
64 478
799 352
783 827
844 827
956 349
465 734
619 509
451 415
343 661
918 129
814 982
676 488
738 89
367 384
896 91
41 732
244 509
872 574
135 126
304 58
358 755
400 621
419 475
68 134
7 64
655 756
927 883
585 360
537 205
497 952
333 18
171 443
542 862
343 217
916 119
815 867
691 817
68 848
352 350
24 214
542 120
191 106
565 953
353 11
273 521
254 718
493 227
351 336
122 616
639 909
713 895
99 408
891 148
928 154
969 866
296 468
169 874
152 600
491 371
735 156
631 95
212 319
682 443
482 197
264 272
144 966
593 107
991 452
540 188
887 279
526 507
582 50
887 644
128 761
364 327
727 782
461 603
689 952
835 902
361 735
801 810
456 293
610 410
705 438
926 974
304 361
505 17
989 118
891 289
710 816
303 407
534 2
167 623
821 86
570 350
771 989
258 696
98 955
81 530
379 634
876 750
73 751
43 451
940 83
633 423
525 551
698 109
437 199
827 323
411 859
152 73
794 568
9 448
906 94
428 270
587 799
369 526
404 359
65 553
74 777
989 732
403 41
556 929
649 257
10 237
705 746
827 205
730 79
55 892
294 28
131 722
851 901
35 924
52 998
682 125
388 480
283 218
526 778
985 36
56 336
188 341
761 525
282 926
800 95
610 890
256 769
602 726
674 747
326 62
95 375
120 609
691 20
415 380
143 909
990 224
774 957
207 254
202 474
41 856
407 889
211 104
672 808
552 108
71 556
898 104
331 643
598 711
287 84
399 686
684 744
520 537
775 707
176 991
418 976
126 87
219 979
123 435
756 234
629 868
810 974
355 353
462 117
210 242
797 430
771 569
556 321
519 335
319 293
450 436
91 394
662 317
251 704
694 66
845 238
959 378
443 584
391 766
183 238
402 725
32 204
665 745
722 266
467 905
298 917
9 222
686 768
946 873
583 604
358 849
472 928
271 122
668 510
616 55
523 421
947 689
530 507
930 417
90 386
186 487
773 21
481 519
247 248
89 202
911 955
829 286
229 686
624 704
669 688
290 802
274 479
238 596
131 378
193 383
999 547
191 614
985 177
783 354
207 444
585 580
16 313
288 446
329 262
535 306
642 775
559 184
173 397
50 88
735 795
97 147
507 324
653 20
430 119
491 135
793 689
465 608
466 443
908 166
219 529
912 453
176 876
72 813
883 423
777 908
783 964
85 922
253 84
320 91
868 535
267 242
567 423
474 274
682 735
475 119
239 22
332 980
522 356
671 133
124 342
713 407
200 318
73 560
609 710
999 848
11 326
198 964
517 944
938 391
389 461
180 446
87 160
757 195
868 939
427 295
726 557
289 346
113 958
460 863
517 925
431 292
462 173
199 89
613 731
544 446
156 908
752 883
887 575
382 716
164 391
576 198
329 902
925 608
565 393
390 600
770 547
273 452
30 276
463 826
299 813
728 169
35 515
142 485
37 241
207 257
672 745
320 411
582 44
865 321
739 376
875 104
657 445
72 619
236 678
645 660
575 855
301 478
563 823
33 768
275 831
918 23
244 216
724 226
778 346
125 363
641 754
571 369
277 6
461 873
617 723
817 688
895 296
718 371
485 514
558 61
177 259
399 388
405 787
244 365
928 864
565 629
471 595
489 386
733 959
955 365
647 115
405 900
232 188
177 749
362 547
824 399
308 224
794 967
172 951
138 867
362 127
290 678
916 342
901 390
333 708
850 558
321 260
708 912
929 965
488 371
752 736
113 90
469 117
640 271
678 843
610 629
863 325
260 48
639 738
144 537
951 806
881 46
368 455
590 736
21 889
506 93
235 873
363 316
246 107
231 509
985 233
363 205
145 18
678 132
458 43
779 863
359 409
568 302
197 847
643 188
943 346
520 177
829 153
500 273
377 202
982 633
343 997
839 800
400 127
297 829
296 928
667 211
689 959
616 745
943 774
878 809
168 378
723 232
232 845
970 819
847 75
975 6
905 236
968 336
43 444
822 270
201 464
116 229
444 684
263 168
161 620
591 372
349 617
758 719
390 53
712 51
436 659
976 888
744 484
986 289
919 951
189 726
108 906
489 664
842 924
294 307
208 577
632 456
745 898
859 243
424 825
281 821
764 76
935 143
649 482
815 469
561 734
873 604
251 208
179 367
312 844
331 24
42 221
540 844
736 771
193 95
51 169
620 347
972 231
921 851
297 41
83 761
587 440
473 872
420 801
402 340
796 132
853 469
526 37
549 972
880 29
592 417
317 792
249 66
675 954
692 964
956 945
118 812
466 325
28 476
819 507
571 618
810 538
121 233
839 917
258 456
85 683
830 680
210 977
712 659
857 590
325 416
813 395
239 287
304 585
358 443
808 228
788 686
575 631
777 699
285 372
12 396
362 857
410 39
560 148
380 933
841 653
769 440
94 911
936 663
774 171
472 643
470 146
501 824
411 544
410 917
310 634
369 414
332 230
117 840
750 436
80 230
52 84
512 840
613 853
658 340
825 317
772 476
473 285
874 998
251 365
17 501
628 633
333 895
463 944
66 858
378 88
217 222
36 678
38 284
459 809
335 362
762 962
531 365
607 190
455 701
387 421
209 979
179 775
236 300
787 580
771 459
524 689
514 379
728 923
32 658
192 258
771 233
25 184
872 806
227 785
736 426
419 195
844 864
866 680
279 567
348 218
331 908
533 597
194 752
926 289
491 706
457 630
295 338
250 935
967 880
626 606
280 72
264 589
281 433
580 51
428 320
215 8
931 299
128 12
388 982
975 562
48 371
677 936
949 147
966 851
626 768
137 786
95 949
289 300
186 737
595 519
528 59
102 533
821 457
164 961
664 396
422 396
705 544
225 958
816 711
981 659
359 803
267 689
786 995
844 173
57 229
651 535
782 335
80 375
513 554
18 136
207 716
854 109
584 577
42 867
90 278
401 161
623 355
126 871
769 866
44 277
238 625
991 93
740 723
688 894
532 711
4 376
758 491
504 970
321 788
586 264
92 593
530 311
899 237
780 344
247 515
896 869
666 889
957 86
683 723
135 948
254 162
340 278
490 391
589 953
141 531
679 871
480 145
406 137
230 461
535 804
163 388
182 970
443 116
429 441
323 714
984 656
71 644
918 135
615 75
110 625
100 445
685 25
832 755
891 997
818 447
777 755
98 772
428 149
746 168
259 983
980 777
285 429
68 963
911 393
953 131
901 739
150 697
100 508
392 397
446 192
431 628
606 761
949 247
132 439
959 2
454 718
33 683
856 912
51 430
790 903
354 325
817 783
583 692
565 89
126 929
716 27
554 458
607 238
173 784
619 736
730 139
750 557
260 192
632 873
887 499
563 297
977 412
303 98
288 281
699 335
501 165
728 279
341 268
203 359
401 773
641 785
31 623
697 909
139 588
178 42
170 902
979 228
471 494
49 351
526 283
361 733
89 622
240 718
887 932
451 492
503 959
508 523
510 73
496 951
524 95
84 678
415 222
864 386
348 19
721 527
872 909
779 363
708 275
362 29
267 95
505 568
81 889
376 843
710 720
949 952
475 1
936 557
133 587
717 317
650 502
814 573
599 825
820 570
124 415
734 53
384 878
523 221
85 548
295 955
41 808
151 665
246 537
660 897
305 840
761 832
195 730
707 85
311 964
368 262
552 335
521 174
412 73
895 666
143 459
950 969
826 715
42 218
874 899
198 457
532 409
950 888
921 850
143 233
564 471
264 191
196 826
982 329
674 630
978 660
662 587
922 684
927 551
946 278
340 249
86 493
895 841
92 618
933 108
537 787
815 8
49 665
891 766
250 234
508 986
779 971
568 698
6 728
874 470
432 362
129 291
205 632
61 500
32 660
762 355
851 889
148 488
40 273
410 431
438 113
758 526
299 249
229 340
121 443
327 843
453 412
919 713
702 877
519 329
98 861
655 697
451 119
897 113
681 970
427 910
13 377
836 98
287 110
457 699
578 553
599 989
531 613
949 190
882 371
590 589
647 459
427 172
691 875
307 626
930 462
589 120
312 156
864 601
851 837
104 94
859 222
878 110
200 625
75 335
617 256
978 42
419 958
518 350
151 899
665 907
686 992
156 59
450 792
216 312
90 307
181 664
644 256
682 95
166 68
354 252
856 358
798 521
435 101
338 15
130 525
357 817
729 9
605 742
103 269
377 450
350 3
5 748
84 171
880 58
75 226
694 526
728 126
620 52
640 219
676 486
588 730
58 957
286 344
652 383
545 649
899 430
881 850
953 573
323 576
231 123
692 767
240 534
463 356
999 118
788 621
680 174
129 440
663 319
405 27
671 976
875 829
510 272
148 371
497 695
573 558
187 223
689 49
232 420
41 388
54 109
36 424
202 944
42 941
370 498
650 684
634 927
907 87
959 23
676 664
471 12
57 296
2 635
161 218
293 973
755 46
400 448
120 503
252 12
270 471
128 444
440 510
370 67
557 429
228 101
877 656
206 532
445 996
617 339
191 192
824 211
590 446
707 382
817 738
507 132
956 583
5 413
660 262
337 581
798 730
490 945
307 157
466 800
290 981
458 339
832 594
170 367
378 10
437 915
726 795
92 931
113 504
683 564
79 679
634 170
728 171
178 180
478 323
290 386
729 263
343 963
913 952
862 485
387 273
615 791
876 193
546 877
908 68
582 119
785 279
475 489
684 547
760 329
177 93
482 723
177 39
396 263
185 556
650 622
774 149
999 491
214 673
399 174
183 254
742 75
390 444
604 104
570 296
777 754
6 236
871 898
802 135
215 190
753 747
56 541
989 467
173 202
405 898
138 15
837 655
694 8
517 513
609 736
773 407
371 789
445 550
7 867
925 252
319 93
413 8
217 703
255 851
774 3
501 767
119 352
129 610
683 455
665 592
480 794
372 792
195 737
76 36
21 933
86 117
713 973
751 653
795 553
539 565
5 497
298 141
669 906
304 962
69 718
985 461
367 718
97 541
406 767
834 250
363 318
517 487
579 562
672 112
605 558
360 155
847 529
776 142
616 461
249 164
343 886
473 556
818 904
909 95
88 149
326 243
211 81
987 688
524 969
486 68
621 650
611 545
45 59
693 895
768 554
567 858
948 968
367 999
832 673
542 524
176 901
103 346
31 9
107 671
555 906
354 960
357 219
506 775
858 592
451 154
950 96
720 593
388 649
443 494
335 564
564 738
674 382
713 476
572 513
466 596
15 731
162 189
627 51
385 474
742 216
281 537
525 774
364 597
954 816
702 434
260 353
206 733
726 276
307 902
574 840
467 716
947 598
226 840
363 623
94 493
844 62
984 617
99 441
203 142
545 55
263 780
786 187
824 122
91 525
899 616
854 170
198 462
625 114
644 188
516 520
620 307
299 755
566 649
40 839
203 437
900 469
114 584
722 907
192 898
100 523
374 446
356 669
715 478
499 923
462 24
601 411
123 619
749 755
752 89
370 980
23 100
83 457
212 163
819 509
748 429
732 554
97 229
483 846
448 841
894 63
948 654
609 130
633 4
230 394
383 446
430 824
838 213
287 81
589 721
408 278
542 729
205 906
922 259
586 916
55 507
558 502
538 979
790 657
923 663
841 802
41 502
916 212
998 935
405 227
474 428
256 23
438 259
258 957
845 863
445 765
137 308
513 945
822 165
327 761
973 7
650 122
851 727
467 906
76 852
105 81
894 539
734 844
915 882
644 154
693 41
548 748
609 778
518 460
721 208
617 263
618 616
569 100
753 199
934 412
76 108
60 617
385 881
886 933
191 397
324 866
402 148
791 594
276 653
445 18
247 874
435 100
146 145
644 144
776 104
924 942
173 744
65 487
783 367
724 277
327 904
264 299
278 265
583 50
972 491
921 591
614 716
236 302
398 549
292 488
24 838
645 556
403 849
120 751
176 513
309 488
235 238
328 476
457 56
535 45
918 415
791 135
476 469
83 82
1000 767
123 853
736 440
561 259
553 455
24 659
652 45
926 660
432 72
90 796
908 615
993 630
618 214
780 841
218 895
709 528
664 978
556 288
940 903
903 13
483 448
395 314
881 921
807 497
962 634
914 439
211 562
927 808
217 561
34 73
897 277
83 1000
773 434
205 48
45 455
266 436
62 548
821 422
471 365
424 772
367 812
225 835
449 375
266 263
458 751
20 362
756 572
613 917
206 533
959 121
942 619
178 670
964 449
52 187
275 156
431 289
624 513
251 806
493 936
576 676
544 322
502 926
284 69
602 504
251 154
114 686
207 639
360 626
969 932
786 18
71 28
623 531
293 98
81 448
203 955
99 175
1000 546
450 543
402 410
97 978
153 544
170 654
390 855
778 833
800 265
605 634
342 640
308 528
365 545
870 582
799 590
549 19
752 97
628 572
22 253
494 942
691 254
987 708
372 16
175 567
70 427
384 344
576 300
280 793
148 272
132 893
779 478
970 591
220 354
707 766
360 357
220 273
955 366
370 130
958 515
246 785
30 118
12 549
92 477
72 264
570 11
40 662
739 688
329 980
293 625
848 488
538 604
761 239
621 733
270 291
697 245
915 170
78 572
63 424
255 944
769 561
240 471
829 609
647 560
29 377
857 360
904 196
144 653
587 691
859 438
720 840
300 207
1 933
623 454
627 515
498 629
866 586
25 992
428 814
164 422
56 295
899 612
27 102
909 380
105 958
363 206
197 849
292 322
373 921
100 743
984 50
877 473
310 400
630 51
387 511
338 403
256 711
502 422
154 859
914 500
348 856
370 768
575 999
690 79
804 475
400 897
311 245
996 931
813 275
512 770
288 822
936 866
535 202
813 420
135 184
192 402
591 804
935 913
684 663
866 622
405 82
758 544
137 940
409 919
91 309
552 289
880 670
674 765
280 996
446 739
516 811
314 143
766 201
916 160
314 382
150 744
924 763
251 681
177 526
363 947
641 159
971 688
861 374
526 722
998 447
855 2
214 142
414 860
972 862
4 728
995 391
962 324
640 448
760 623
100 240
872 105
94 154
177 889
74 535
492 266
229 137
665 988
463 699
104 258
803 874
754 196
60 565
635 75
229 694
602 432
986 787
182 960
808 559
751 529
26 628
445 126
472 4
239 902
944 846
892 568
51 72
804 650
680 888
19 550
277 534
174 823
723 570
886 26
139 541
250 232
549 90
231 258
867 379
993 433
991 730
577 306
245 420
192 208
478 132
929 271
960 213
465 649
652 187
602 790
474 617
814 584
148 490
850 252
957 568
919 235
230 26
451 347
676 896
2 883
580 292
327 837
635 294
370 488
813 170
263 137
858 565
769 12
185 837
745 157
106 321
695 315
63 189
17 797
314 389
674 101
323 337
968 922
553 780
552 857
402 864
739 601
223 456
8 695
669 190
821 99
729 949
256 421
630 669
433 783
678 775
971 267
865 780
147 957
591 830
890 425
195 585
622 992
620 65
937 280
494 599
655 386
398 153
222 792
291 612
520 110
957 39
183 675
26 362
28 396
350 291
443 911
540 279
675 552
452 727
272 117
883 653
934 571
115 567
226 484
10 649
563 696
709 265
568 967
418 690
455 248
448 965
875 942
337 646
419 196
37 541
390 327
728 700
656 425
175 643
219 819
112 673
386 438
832 746
7 458
818 405
803 59
381 27
951 147
849 297
589 826
693 584
647 11
464 216
287 648
683 319
349 991
812 473
997 83
110 148
755 533
746 912
684 163
189 539
686 689
450 41
768 206
751 917
220 963
324 974
756 573
823 130
284 416
664 318
60 671
602 86
895 719
17 657
660 810
57 859
973 413
26 650
852 530
125 700
971 132
627 550
77 569
597 194
66 778
491 283
626 338
423 738
250 78
433 614
985 145
397 3
239 445
645 365
539 230
79 673
260 781
335 331
190 586
302 128
571 713
29 628
277 590
204 610
207 269
140 250
306 206
463 502
444 320
448 771
434 874
153 242
193 753
286 438
490 21
662 957
686 55
50 813
469 981
328 215
41 694
850 196
449 869
915 640
533 817
775 906
560 881
978 32
617 864
319 488
249 548
305 330
479 37
381 63
363 346
96 177
480 720
816 90
341 657
324 449
72 442
335 523
771 642
756 460
668 894
6 125
305 325
137 738
470 878
509 716
973 125
42 673
793 495
371 791
872 336
800 541
998 400
553 257
515 470
354 638
635 979
125 909
5 221
744 57
341 213
142 798
218 128
679 13
458 403
95 858
556 728
356 310
126 932
472 779
517 195
104 713
846 689
522 811
961 473
964 462
449 237
199 897
654 1
454 894
956 724
160 325
691 353
319 608
485 840
1 981
57 593
350 78
687 981
709 909
565 489
731 913
240 916
886 63
685 973
841 494
622 613
53 822
917 961
790 433
353 196
247 736
378 881
605 462
309 817
218 998
607 256
793 764
280 553
904 675
581 357
654 467
182 464
98 739
631 527
871 28
433 78
343 711
128 540
338 69
430 256
803 149
179 655
642 13
456 8
230 727
478 889
279 632
841 955
932 326
326 701
315 599
242 696
461 922
962 641
817 130
837 335
162 473
551 593
440 747
183 333
813 214
157 338
730 532
413 200
824 593
698 118
954 988
993 562
25 960
669 439
746 282
216 769
743 496
259 869
641 158
533 408
391 415
787 293
290 343
500 314
591 519
406 861
778 480
838 816
132 293
170 112
775 461
265 412
907 605
768 293
729 325
868 953
80 141
743 962
959 769
964 681
568 146
810 51
540 840
557 806
504 161
800 997
229 693
700 518
313 618
37 270
740 263
759 229
869 613
71 231
125 997
683 993
199 418
190 691
818 840
250 134
857 918
344 255
364 501
717 642
315 798
979 423
887 956
691 27
108 550
749 753
365 744
738 2
580 865
192 162
799 513
931 665
735 691
147 34
671 731
395 852
966 397
337 669
774 720
387 760
904 558
634 309
192 320
547 342
395 165
748 333
153 207
565 989
738 471
206 161
193 810
547 295
417 478
568 778
491 589
614 253
135 44
818 494
366 922
152 140
595 160
372 367
55 362
495 490
10 185
319 177
51 815
983 142
513 6
498 20
427 16
416 495
152 830
604 527
557 326
169 634
61 572
189 615
65 238
40 745
20 455
114 422
756 585
939 155
152 759
748 553
18 160
716 463
333 537
463 670
148 408
268 600
454 823
860 814
442 935
646 433
460 412
591 798
744 815
673 373
838 585
626 303
661 796
868 496
635 455
467 441
340 169
711 106
294 878
706 488
26 504
120 531
307 465
697 601
79 367
593 984
832 176
542 525
296 20
725 171
925 953
250 269
822 799
269 949
383 43
790 377
684 788
589 627
453 57
934 568
974 629
558 884
248 149
836 638
65 114
913 755
988 337
201 33
720 991
58 666
19 912
349 489
975 85
652 88
512 971
840 456
197 181
73 511
782 143
21 135
706 861
286 373
586 922
148 382
243 551
121 596
709 170
750 937
970 553
935 553
977 371
238 599
331 147
117 690
320 905
752 908
38 519
574 597
665 351
246 954
512 422
566 233
968 808
271 903
590 227
853 122
264 687
90 65
953 69
57 120
518 31
886 741
262 729
47 541
52 133
643 890
130 859
916 302
590 445
761 893
373 591
997 389
319 873
821 247
846 602
650 566
360 997
566 597
380 504
881 5
868 261
597 193
776 6
479 373
875 432
838 708
14 394
41 104
963 221
136 308
491 56
934 890
633 887
335 507
301 311
839 334
71 461
448 772
377 162
614 823
303 654
141 287
415 448
109 683
610 496
331 753
969 119
310 297
58 702
754 947
974 960
991 930
353 778
634 365
600 309
158 653
557 301
655 581
92 401
438 141
222 756
444 48
561 446
889 793
587 237
619 866
353 724
567 17
805 652
707 882
985 884
909 734
180 530
493 437
845 800
854 487
977 488
962 260
587 873
381 256
175 367
637 507
7 860
730 851
512 386
424 786
518 104
828 816
543 272
725 604
731 423
74 878
695 512
493 104
702 356
833 459
797 80
512 160
677 682
114 25
273 668
592 126
549 457
227 213
835 274
449 115
820 102
803 880
74 576
455 61
520 378
350 813
21 787
616 131
304 965
469 225
36 516
53 482
403 719
667 362
479 472
500 724
937 168
117 231
354 18
601 19
620 345
325 883
18 797
351 931
557 463
754 610
795 492
889 505
258 295
123 561
678 411
239 691
495 549
352 285
866 869
316 440
322 539
404 971
900 560
776 638
931 986
387 556
45 56
796 656
693 892
585 67
487 359
804 187
879 609
36 269
441 443
941 126
745 389
346 504
15 2
868 581
461 921
278 689
559 544
484 334
727 386
674 266
640 409
71 748
90 965
78 637
832 369
455 187
438 395
77 201
229 30
275 282
591 480
377 36
410 779
488 39
347 252
294 421
868 778
831 134
368 312
67 237
484 898
198 656
682 837
55 965
973 322
191 261
700 801
96 777
756 788
557 805
672 177
933 822
200 902
43 560
89 402
368 119
668 84
999 906
694 412
602 720
431 174
454 5
810 485
157 552
689 764
709 753
175 181
676 462
144 183
922 842
559 19
248 267
304 557
403 872
196 101
37 261
738 242
900 645
181 418
353 80
852 126
466 465
305 981
608 746
775 680
79 47
893 711
849 545
776 745
797 953
927 386
713 50
953 515
625 878
935 951
93 816
64 395
41 653
137 974
999 300
327 839
590 891
457 605
977 278
680 575
392 668
979 704
693 626
548 299
987 349
613 225
130 512
923 793
820 619
585 298
767 566
637 214
998 252
600 809
52 396
841 513
627 16
707 104
711 656
760 788
76 137
902 147
375 159
947 518
705 712
833 435
248 909
692 498
730 45
389 524
916 762
389 774
781 516
394 748
586 356
593 684
155 457
504 725
416 795
326 370
290 828
312 732
404 56
706 500
688 855
123 298
610 792
277 711
961 162
196 221
448 27
785 124
861 905
460 722
796 788
840 668
931 551
473 617
735 769
349 198
278 66
559 55
32 568
109 710
535 46
567 469
829 73
135 988
376 459
606 897
681 36
103 611
17 840
81 558
849 525
906 732
139 199
395 81
732 222
325 272
383 622
573 554
244 480
870 116
780 836
305 300
676 821
327 811
129 94
252 846
409 766
656 329
955 327
997 960
568 754
646 967
397 923
676 634
733 631
446 184
33 117
821 468
548 700
913 940
555 136
938 272
756 575
939 105
146 447
694 844
930 479
576 679
994 650
591 796
722 669
118 306
321 92
13 958
30 612
471 914
351 168
788 194
110 219
9 815
434 292
161 612
18 935
237 305
535 654
260 951
562 552
663 566
623 653
916 867
5 716
320 50
601 423
952 951
183 641
870 581
487 225
430 42
657 38
149 642
296 970
887 558
580 732
678 463
662 960
991 524
888 275
444 305
874 298
268 231
111 577
866 726
44 382
63 674
728 747
931 910
591 120
205 653
244 85
392 886
633 899
860 534
625 822
901 270
486 76
151 368
634 588
232 388
145 807
220 381
42 909
775 517
500 669
391 798
989 123
21 493
205 64
133 739
727 223
160 591
841 584
971 649
314 821
848 348
445 546
545 348
375 801
410 935
216 726
413 4
252 44
471 370
593 587
349 850
156 298
963 970
345 359
91 775
219 330
294 152
964 544
397 609
129 663
114 495
21 929
617 543
891 173
52 9
455 60
97 672
548 944
167 456
995 219
484 604
311 669
666 956
577 239
579 937
785 623
809 940
645 318
938 840
958 271
728 284
841 991
485 967
587 99
18 794
916 775
353 361
260 995
89 343
550 452
476 401
993 313
999 279
843 475
758 234
705 286
118 885
528 369
514 839
552 119
586 840
294 950
97 78
685 453
726 112
211 450
693 970
949 737
306 421
988 137
955 48
957 898
564 968
819 929
381 80
924 184
936 899
99 771
746 102
523 707
138 473
186 465
638 955
271 728
368 895
884 287
428 261
376 558
76 279
702 551
868 779
671 488
251 795
198 774
915 365
772 561
761 986
155 593
237 600
946 719
638 631
75 311
590 506
332 478
373 518
65 253
329 672
701 456
556 589
868 335
317 479
658 509
752 480
540 99
39 694
904 5
652 739
834 218
598 163
106 677
892 452
815 171
473 882
644 79
683 995
78 157
359 298
862 135
536 767
477 955
616 557
190 512
984 17
676 463
930 971
588 691
391 508
175 293
516 295
69 400
81 668
5 806
652 295
818 59
267 259
72 937
1 499
679 810
205 627
757 6
620 770
178 502
897 825
495 798
426 755
906 569
709 52
31 88
876 555
1 157
920 100
591 48
314 76
574 299
135 46
102 39
31 489
968 449
326 671
812 210
371 2
119 672
393 676
252 234
160 681
945 409
828 548
998 380
471 468
203 602
183 448
685 894
962 389
810 92
690 916
820 539
508 95
388 900
977 64
928 396
600 985
86 868
128 324
39 22
718 694
315 790
765 274
622 133
199 332
38 842
739 939
77 816
575 49
743 915
764 110
565 107
898 922
630 515
646 292
806 260
907 968
433 669
752 445
623 394
824 330
165 302
256 710
386 525
324 430
846 751
189 184
264 241
291 805
565 269
152 354
454 275
679 309
826 859
114 537
79 601
632 934
961 48
799 816
160 273
478 366
923 124
49 559
196 938
889 18
653 956
838 504
126 446
5 905
870 553
541 711
871 320
908 206
896 782
951 296
18 516
408 600
174 131
736 444
774 690
646 189
121 376
370 553
831 692
120 64
103 265
750 828
509 82
755 870
738 616
352 147
909 551
860 59
681 920
651 240
637 455
695 235
312 496
612 539
281 443
154 683
394 250
81 102
281 548
176 318
747 681
732 259
189 536
669 238
255 584
691 842
582 773
877 651
219 353
647 699
371 602
851 868
930 365
487 325
950 616
740 20
902 783
42 45
355 974
446 411
484 810
70 551
29 258
378 164
218 257
715 188
420 784
459 890
463 914
579 605
448 457
122 16
568 426
967 223
349 184
153 981
210 734
763 502
467 181
417 856
108 193
382 800
572 208
535 476
268 361
835 914
273 429
866 868
188 856
838 134
287 132
382 2
495 993
956 341
888 387
724 233
447 578
885 627
404 791
998 75
724 967
733 150
116 136
229 407
234 319
850 55
770 307
314 247
978 174
505 768
159 269
521 760
870 371
138 8
474 326
752 938
110 196
582 726
289 29
453 770
57 41
630 830
167 20
99 674
579 108
674 168
328 628
419 799
403 386
65 871
670 196
873 984
468 612
51 436
342 117
833 483
167 836
441 676
61 723
658 263
769 934
177 669
139 902
730 149
473 228
57 997
625 129
467 386
485 885
309 801
436 399
523 11
869 991
654 5
731 995
481 403
335 296
287 437
434 43
532 848
305 862
982 624
14 175
719 327
383 370
758 794
942 77
383 707
700 135
59 9
131 644
278 853
961 725
249 747
162 754
179 559
435 826
185 595
661 180
115 782
116 125
688 217
137 976
423 334
858 605
345 646
145 770
890 800
300 426
918 264
769 85
321 507
385 428
732 180
339 900
629 768
45 506
671 346
699 901
660 592
212 816
345 465
787 294
261 51
178 723
177 914
760 627
246 642
427 356
356 326
285 862
604 572
860 726
493 497
385 872
388 89
749 170
94 353
540 843
687 143
222 453
852 964
563 267
781 448
964 842
986 910
880 389
215 242
729 160
198 237
934 850
437 839
204 598
407 915
14 755
678 298
518 835
339 950
947 311
940 596
980 181
822 592
775 682
483 912
749 929
989 82
836 602
941 207
926 701
158 715
325 314
666 230
816 263
508 267
93 703
24 346
595 165
157 386
631 322
169 779
159 308
590 1000
292 619
404 45
261 484
923 795
214 460
231 614
15 661
589 272
777 926
73 469
543 355
234 553
660 77
698 504
840 455
884 483
817 542
889 176
711 658
768 230
474 203
238 32
131 757
843 882
428 878
752 720
553 897
132 260
262 409
248 911
857 315
584 733
659 237
147 961
366 311
114 308
96 791
649 7
869 676
742 690
524 742
484 646
752 446
610 564
807 882
645 83
126 882
930 667
338 674
748 857
30 808
75 129
994 441
710 892
279 27
193 350
946 308
965 744
213 787
89 285
263 386
550 434
437 859
739 503
776 331
61 223
961 849
9 636
377 26
140 210
503 686
933 411
793 520
153 873
316 499
305 870
303 759
41 748
571 399
2 158
197 202
157 802
953 572
16 110
568 971
923 443
177 61
841 22
325 397
897 772
24 664
120 65
874 214
270 925
357 673
864 64
202 555
176 66
304 23
675 104
774 364
337 209
51 927
567 447
241 573
685 976
281 442
525 615
677 960
513 103
950 476
685 865
747 680
966 842
765 944
449 330
926 228
587 940
859 131
329 908
399 108
147 255
403 105
327 995
372 770
985 729
2 486
26 871
597 492
657 591
181 853
517 235
132 143
905 137
530 358
351 170
652 725
672 251
660 532
596 394
243 930
861 583
815 232
304 826
655 275
514 645
587 121
596 495
457 364
238 747
494 849
468 116
553 458
921 658
439 309
204 670
887 699
637 836
231 183
567 569
457 78
990 160
999 178
839 965
399 968
80 461
58 714
757 76
353 926
795 291
118 670
356 845
127 836
664 742
107 752
328 219
725 147
467 320
684 680
561 435
963 483
102 29
908 416
381 74
219 787
960 498
607 748
656 280
231 712
380 774
344 882
724 575
767 635
902 428
405 908
65 683
358 676
363 970
987 52
132 559
604 827
807 246
938 355
168 911
685 726
850 330
3 580
67 131
693 251
678 609
272 989
907 353
945 566
952 426
534 884
498 908
118 493
969 873
489 855
490 439
57 891
95 983
216 276
469 238
566 564
27 204
580 663
835 565
255 354
660 552
184 481
80 594
133 488
834 359
156 799
765 797
363 197
93 500
225 920
350 477
378 743
818 819
50 393
221 336
4 490
351 573
484 55
72 544
948 513
353 904
247 481
112 289
700 418
340 305
221 999
567 946
149 789
486 797
889 216
652 140
107 375
590 576
519 700
248 63
546 762
617 695
911 546
429 295
214 711
767 825
98 643
560 785
979 809
565 544
106 455
306 645
630 761
77 198
910 788
271 730
238 299
96 448
388 518
483 384
245 801
358 576
472 687
388 917
150 860
22 337
468 692
906 267
61 532
850 635
891 365
787 406
384 643
5 61
423 866
405 755
561 581
428 692
937 406
384 562
938 121
288 94
911 942
695 775
347 701
835 481
801 272
877 5
271 444
41 395
725 433
729 54
341 440
588 975
148 972
117 289
714 778
787 963
944 818
100 640
69 351
469 597
696 391
39 871
297 348
151 425
562 464
376 323
235 248
914 867
666 338
480 225
266 612
840 577
583 507
274 967
244 233
591 899
413 902
37 612
576 17
779 869
467 485
67 654
802 999
174 475
631 45
720 676
534 406
297 937
262 181
336 167
67 287
431 870
513 233
641 476
457 723
599 869
30 32
432 799
840 108
953 339
684 37
371 802
923 907
263 426
637 3
846 457
446 131
229 785
364 632
609 915
977 215
132 261
125 546
181 880
402 127
366 308
591 773
852 763
890 434
67 236
202 790
948 22
271 355
186 777
299 538
484 534
695 920
476 646
717 576
499 863
425 64
130 670
709 944
285 756
749 431
58 866
592 502
832 261
796 224
654 194
508 902
553 493
917 916
718 962
512 303
23 17
356 782
675 606
72 745
363 26
629 267
153 872
452 732
628 597
330 304
519 998
776 426
631 578
943 966
693 927
505 302
642 431
679 968
442 313
229 101
224 657
140 475
193 665
747 222
757 312
179 602
254 34
315 586
920 420
115 856
97 485
373 400
693 689
965 188
824 832
127 641
275 520
77 22
646 521
566 986
115 415
85 929
67 362
448 760
395 419
417 367
92 175
42 916
244 274
779 57
448 466
893 955
343 94
866 401
954 33
2 626
3 823
741 359
372 510
745 124
712 115
328 892
989 633
689 675
521 595
258 923
650 393
523 141
865 252
727 165
342 397
487 876
950 332
256 376
422 309
522 79
171 119
375 207
472 534
522 990
636 464
341 828
786 987
237 123
302 979
935 254
973 263
543 755
726 193
56 51
790 866
812 538
449 4
322 266
855 916
228 21
59 289
131 304
919 443
9 812
467 488
764 338
912 555
201 564
143 697
506 342
23 343
719 296
239 965
376 411
403 917
960 342
504 978
984 92
602 663
197 337
52 628
222 188
204 671
260 921
102 470
835 775
752 103
681 429
223 274
733 417
376 379
156 585
568 633
163 681
404 563
135 829
690 52
174 157
508 709
785 264
844 813
453 798
267 474
913 620
774 559
296 634
428 111
581 63
158 768
106 81
325 468
337 163
619 277
931 145
820 205
196 241
270 664
772 826
348 468
186 427
152 119
137 741
413 144
949 846
988 740
684 237
578 616
659 898
858 264
824 173
628 627
716 301
57 152
95 816
631 386
214 70
215 763
228 272
954 633
647 558
229 523
749 196
765 799
204 255
811 289
886 999
65 135
981 913
912 760
852 930
636 841
198 372
75 251
661 848
631 966
248 533
908 547
411 221
37 11
245 168
544 177
578 58
904 729
500 282
189 457
451 694
912 324
841 354
71 429
255 208
57 355
13 500
823 295
239 556
538 181
961 570
859 661
144 508
991 898
150 166
598 800
983 530
577 949
224 57
171 610
393 572
157 523
508 481
825 545
827 127
497 624
928 790
91 440
236 777
37 818
486 267
462 257
335 573
964 67
791 545
346 230
811 816
194 978
858 381
79 461
149 426
759 527
6 493
636 314
727 109
512 98
18 407
146 736
552 867
113 787
590 223
901 336
99 704
798 1000
565 995
531 815
426 494
660 905
365 125
766 137
707 883
87 464
659 211
626 34
311 988
521 214
939 195
192 588
48 992
195 595
144 751
166 80
846 121
854 173
268 512
531 122
951 797
767 639
957 172
577 70
69 572
112 17
238 561
333 803
282 874
692 862
749 347
435 303
96 288
916 806
294 726
387 432
247 594
696 392
663 220
244 980
504 889
801 851
913 889
500 237
581 324
106 868
322 937
787 991
789 407
280 697
615 636
979 121
890 437
429 104
268 170
586 189
270 518
76 995
991 998
614 359
909 943
16 802
144 375
936 979
665 187
712 890
241 646
920 359
452 204
401 854
57 276
704 734
833 843
149 576
510 553
112 1000
817 387
87 33
57 502
265 193
475 688
369 405
460 36
557 466
209 364
104 70
678 686
882 77
20 460
62 67
483 315
15 75
458 468
938 90
759 422
121 906
648 203
223 101
762 745
853 158
515 637
577 212
815 214
448 480
191 616
342 524
515 650
532 564
607 16
40 810
250 167
57 765
991 262
648 440
732 662
754 678
295 944
938 545
297 447
580 834
585 940
982 958
988 447
148 694
75 638
115 573
98 309
908 95
818 218
287 173
187 9
172 355
101 579
317 646
908 47
474 599
883 433
846 295
316 555
903 356
952 385
45 124
250 714
167 553
885 500
462 95
154 916
420 257
430 569
492 998
309 296
607 795
813 136
996 864
346 303
698 184
439 554
209 29
815 534
394 249
388 991
569 318
631 551
449 328
391 613
472 535
940 450
560 550
217 837
859 306
193 344
644 462
276 586
631 302
833 403
976 764
677 572
878 509
974 795
42 11
796 432
528 830
694 531
74 696
492 223
540 909
479 483
338 757
744 880
341 398
217 144
852 371
204 194
938 848
316 220
333 794
355 318
249 295
191 652
675 799
770 569
512 638
202 215
256 963
666 582
939 582
652 878
529 454
857 977
508 939
665 173
85 987
330 115
757 808
279 174
415 318
201 263
966 566
60 63
216 272
937 269
31 878
199 548
455 958
370 870
701 802
775 607
942 52
473 231
194 261
13 288
433 763
311 31
850 303
318 873
211 411
513 389
560 920
557 61
121 394
893 892
675 441
750 991
480 383
346 481
770 415
917 476
336 727
903 217
281 378
33 745
340 979
180 616
788 367
883 171
50 664
841 739
552 618
2 599
703 388
868 652
834 620
154 650
85 678
950 446
368 934
534 697
632 327
371 797
194 894
485 301
345 506
555 347
479 771
638 716
5 199
578 267
975 831
638 607
270 213
735 483
898 942
797 220
85 218
306 845
956 611
429 581
811 288
545 156
892 333
765 569
434 373
914 43
308 302
667 353
759 31
942 549
852 817
194 341
783 140
127 337
273 66
919 335
738 840
389 636
504 896
485 963
696 382
127 294
737 598
335 309
320 18
654 187
179 217
442 557
518 858
687 49
897 567
625 394
130 414
775 562
408 612
514 312
693 982
729 517
178 261
179 612
842 236
936 873
427 622
672 931
965 226
269 555
440 915
59 123
426 682
997 721
889 824
104 512
157 522
712 863
875 765
569 954
508 482
237 732
883 278
850 53
797 602
273 641
871 841
381 221
223 657
148 162
96 339
319 155
802 163
825 770
755 65
183 504
974 413
868 672
264 526
798 207
732 343
605 403
310 997
21 653
538 520
962 300
200 438
255 895
368 593
321 333
566 325
678 643
831 99
604 575
782 766
264 74
527 459
610 559
863 419
313 515
976 333
680 896
587 293
456 801
403 750
978 858
961 40
430 277
624 814
87 678
420 811
611 56
182 741
978 636
700 120
322 644
851 835
731 864
352 335
304 546
268 69
152 680
572 155
844 912
638 396
141 290
861 243
634 319
482 544
13 360
285 148
22 414
465 275
541 946
121 465
834 792
188 609
263 113
784 280
187 854
918 823
863 731
82 431
396 549
56 622
683 97
935 656
24 460
127 317
7 253
444 825
104 794
638 987
915 40
801 219
879 471
67 63
289 105
417 28
570 202
630 970
189 752
315 957
190 315
153 160
484 988
711 655
17 935
316 757
264 776
548 11
907 750
530 607
682 802
70 435
846 977
207 845
541 125
621 303
825 218
283 688
920 706
163 216
777 95
681 750
968 572
856 704
673 414
754 227
807 879
186 791
407 381
563 507
303 188
951 53
550 215
557 917
887 434
877 376
990 937
278 357
246 169
191 760
72 668
681 38
169 474
260 935
161 814
71 487
35 41
244 809
61 333
525 254
857 662
46 737
880 785
553 141
520 962
794 225
602 834
325 505
880 864
76 945
365 1000
738 258
906 630
222 665
709 387
103 180
729 637
737 90
846 292
634 706
836 794
563 706
869 552
352 151
229 713
876 666
976 540
738 727
759 803
673 540
604 12
336 637
918 578
625 60
834 521
335 756
447 494
927 784
103 421
423 113
150 683
122 646
161 66
16 715
290 294
823 752
591 596
774 28
525 838
34 803
971 462
5 226
962 135
857 491
674 243
786 985
84 991
976 503
958 171
490 791
877 937
768 483
166 14
459 16
702 172
833 259
62 207
464 682
345 556
35 833
622 903
825 359
757 612
938 974
65 42
818 552
76 917
78 996
563 324
784 631
251 496
236 100
865 636
863 153
352 553
652 566
925 998
498 471
32 891
586 318
351 843
444 232
856 24
231 176
412 590
879 772
183 781
447 872
283 731
197 113
486 742
218 956
754 858
810 728
40 207
597 752
429 30
585 216
861 59
135 844
690 389
33 910
175 575
508 616
275 953
936 797
775 892
923 20
797 964
963 484
339 318
215 339
290 134
922 323
39 862
300 51
432 251
414 63
162 460
314 243
499 181
108 844
103 527
684 834
822 91
626 632
437 247
516 974
115 453
975 619
154 651
48 442
638 787
949 844
141 959
642 612
703 861
671 499
234 620
369 451
253 304
479 770
280 332
924 909
623 123
497 103
411 659
928 295
808 797
330 577
402 50
133 162
229 521
605 914
678 838
493 900
688 566
543 888
450 857
333 940
708 652
566 698
476 584
536 633
173 552
210 840
969 490
1000 917
303 842
913 2
53 831
862 63
779 985
447 831
892 754
89 715
520 779
81 683
706 586
746 687
837 244
272 180
455 925
370 651
666 492
775 578
462 163
529 860
935 447
137 38
980 238
921 218
957 556
79 94
242 544
349 348
791 421
816 287
376 230
214 730
414 392
953 602
516 652
920 269
479 674
45 212
284 908
910 872
451 133
732 50
183 330
223 681
298 752
873 124
214 420
729 960
569 667
72 477
660 198
548 857
46 438
133 706
760 810
464 167
655 589
622 400
200 353
169 758
774 85
282 668
480 257
542 49
838 463
489 645
38 976
787 38
66 393
963 941
433 906
217 787
558 40
717 230
977 889
445 803
122 912
854 449
389 803
12 950
126 5
155 370
85 253
783 124
290 931
204 797
846 660
728 479
200 139
748 207
162 265
381 979
22 625
364 232
502 73
250 30
342 998
754 478
153 631
43 583
227 290
856 434
433 423
457 297
700 355
59 115
41 170
244 935
979 428
545 522
268 503
939 349
233 193
130 496
866 966
577 409
45 739
173 302
581 433
179 933
456 766
843 506
662 786
700 65
149 709
145 253
903 604
226 472
687 325
102 367
139 499
124 787
415 390
54 706
864 346
37 400
314 887
645 721
923 467
747 247
508 545
895 439
823 186
369 799
41 614
353 820
500 909
282 376
980 407
569 868
904 126
568 785
954 310
535 583
885 286
604 442
71 983
573 614
281 305
409 740
585 323
604 41
931 171
453 531
238 347
655 560
586 639
949 295
190 425
284 694
751 8
228 514
294 507
461 362
138 863
711 654
432 624
696 669
720 227
350 546
498 241
561 533
708 844
803 976
806 497
111 399
276 944
632 606
485 951
377 625
514 1000
52 95
103 961
920 707
834 25
212 418
377 738
801 320
311 851
627 594
457 704
624 866
456 862
44 957
388 351
890 147
130 690
57 658
900 434
481 366
317 192
579 757
657 163
236 400
398 899
100 679
813 1000
527 994
931 557
325 198
678 330
32 850
369 642
170 949
607 1000
35 369
588 547
861 859
546 863
233 456
755 591
990 490
81 524
790 391
343 644
35 175
456 504
611 608
297 744
802 919
414 433
253 247
606 677
241 727
370 437
547 885
665 6
689 440
85 799
211 926
589 351
772 833
864 162
58 217
445 679
855 508
90 822
987 44
328 895
772 976
275 344
450 142
640 98
156 476
621 752
424 769
310 605
502 757
308 54
291 299
683 98
160 229
735 286
204 214
545 246
568 81
713 936
96 934
509 792
523 731
755 359
397 426
805 317
147 703
558 735
207 503
541 275
265 520
37 20
312 621
757 901
22 587
61 142
814 436
1000 954
364 193
990 21
832 147
283 301
47 444
361 605
477 111
761 156
433 201
683 60
894 638
41 924
886 356
740 187
119 976
304 201
656 126
131 572
940 830
633 180
780 151
654 648
860 101
832 993
537 446
500 884
695 85
495 51
667 700
582 553
949 986
287 711
916 921
163 973
560 87
384 599
823 678
385 500
63 253
873 161
746 433
983 60
531 679
860 425
243 754
990 520
781 787
317 963
985 648
582 858
53 88
294 146
5 197
200 691
517 186
954 516
119 88
895 750
801 159
820 109
569 171
678 839
564 106
506 510
716 157
423 553
104 461
978 775
43 602
174 768
895 862
882 599
166 356
796 811
843 320
867 326
636 218
373 17
150 473
6 747
16 768
743 833
871 391
988 257
16 27
809 338
3 295
116 420
689 772
905 839
396 334
54 662
625 746
977 631
472 320
799 127
984 631
684 648
685 225
444 561
567 329
180 991
533 861
149 100
796 10
102 908
927 181
236 834
62 217
181 505
66 875
101 204
784 476
452 378
436 871
438 317
99 135
24 97
261 284
634 844
509 744
204 346
884 404
744 383
545 370
824 439
539 860
557 491
890 696
413 403
920 172
934 287
460 146
765 761
837 796
623 271
555 103
259 674
534 269
912 840
198 437
74 623
645 122
540 832
671 193
787 899
749 54
886 250
660 601
990 800
973 558
99 129
338 699
302 486
820 359
383 217
817 319
370 149
522 553
999 899
321 824
399 258
365 591
500 458
338 477
725 159
249 78
586 375
490 288
491 249
386 103
390 935
525 216
668 841
32 531
400 87
329 627
439 494
357 545
802 686
987 662
235 141
534 217
862 314
349 413
792 885
412 853
533 927
827 190
439 140
171 562
813 511
462 651
846 377
564 938
567 33
570 263
395 612
20 804
441 329
974 221
433 297
760 105
558 284
941 492
413 819
324 498
493 485
310 165
817 311
397 799
298 868
225 716
483 416
306 210
358 608
640 135
16 737
310 967
350 656
354 591
869 124
157 80
509 726
108 994
509 637
602 145
833 539
543 652
303 491
388 171
299 368
424 153
265 416
612 48
575 396
483 124
341 6
665 295
473 182
41 346
32 115
236 243
75 55
330 819
190 708
726 778
395 684
503 391
911 684
956 779
465 525
624 987
933 53
292 387
538 423
373 88
744 580
396 161
70 8
770 882
553 98
295 941
191 984
430 128
842 64
326 817
2 155
404 539
170 820
480 129
814 234
121 145
267 293
767 14
895 453
254 471
117 25
514 276
383 646
942 249
712 778
489 119
306 615
192 377
309 644
366 975
183 239
745 326
286 351
267 361
333 648
765 746
882 109
820 679
529 726
253 472
24 637
662 490
439 551
388 587
445 678
618 510
694 59
510 584
811 893
99 575
607 655
690 946
859 105
661 275
20 141
902 231
834 809
262 838
560 564
587 931
481 860
759 353
206 611
891 297
648 908
460 218
1000 511
311 769
238 803
919 582
242 414
649 38
118 465
317 400
834 122
506 475
949 347
367 746
173 689
661 824
122 26
429 756
507 620
680 682
383 145
54 1
197 349
164 362
964 532
304 541
782 774
110 961
607 279
118 864
799 449
434 867
553 239
737 922
387 683
338 199
301 465
598 681
638 458
417 700
749 979
443 128
10 549
173 23
395 229
417 557
426 693
686 175
814 992
836 888
374 811
824 864
309 664
736 188
864 97
572 786
418 847
131 588
465 490
504 368
56 697
893 983
668 960
873 390
357 61
197 580
38 712
917 187
996 324
543 401
357 398
558 641
711 143
82 663
688 854
401 573
552 907
657 544
523 314
143 37
693 581
838 860
324 504
933 568
399 462
397 747
968 697
554 446
113 38
912 447
459 62
78 804
303 129
252 751
830 146
6 611
246 501
158 30
977 735
530 105
640 937
532 751
37 55
79 652
151 19
248 392
869 810
374 472
545 620
23 451
821 663
678 256
93 352
832 240
500 358
862 460
72 480
791 80
795 405
706 584
447 910
84 980
842 152
571 458
205 584
847 425
554 818
62 775
590 581
883 509
791 310
577 590
407 585
247 604
513 486
948 979
512 499
414 398
812 229
297 944
10 315
29 717
671 34
820 744
569 552
306 702
475 29
537 10
849 360
704 533
172 219
428 365
820 671
569 665
436 864
993 585
281 629
824 21
225 796
411 595
601 661
20 325
824 295
773 146
901 493
243 549
775 452
63 502
29 162
13 541
855 890
80 134
373 527
561 713
138 618
655 3
824 5
473 89
518 761
596 745
712 319
502 988
817 944
123 425
400 396
697 362
402 310
776 119
557 942
564 465
89 410
297 482
571 810
255 269
40 818
615 541
541 474
505 479
30 833
594 553
936 268
194 244
155 176
965 655
801 742
362 468
297 453
606 115
771 474
844 572
518 837
113 969
616 675
416 166
669 632
625 427
376 458
667 138
10 667
585 773
382 205
644 502
573 316
22 34
6 615
747 233
774 731
516 588
66 449
166 845
235 426
519 300
371 154
232 436
799 76
887 946
295 349
794 332
558 285
305 393
732 16
699 217
77 229
173 933
815 971
644 578
493 373
811 784
495 475
63 167
335 642
546 223
105 373
930 126
642 554
650 97
674 123
214 160
44 342
998 996
794 768
897 775
947 526
251 941
414 561
347 510
839 335
342 183
143 386
796 738
518 335
631 247
852 512
579 840
483 127
32 5
753 77
950 929
826 755
773 936
887 30
293 295
429 738
657 903
385 14
487 657
974 888
244 743
243 972
212 389
964 916
70 879
329 423
934 196
153 593
706 383
875 348
801 529
198 195
862 106
165 922
888 545
800 343
13 86
144 139
986 654
574 393
942 429
600 4
987 836
58 560
663 109
923 256
743 131
361 641
123 405
331 861
261 782
520 159
707 722
157 685
304 303
305 122
434 606
664 575
495 827
280 776
11 14
121 498
675 385
901 558
516 695
371 118
408 236
337 186
5 370
963 410
713 167
508 293
660 410
789 250
478 969
340 810
760 773
570 761
205 84
906 905
727 307
911 864
848 360
794 578
746 347
712 199
91 130
656 371
955 573
684 149
902 228
217 728
489 579
454 735
741 213
544 639
692 303
506 262
751 780
493 12
185 829
192 537
821 254
824 78
623 44
612 213
995 167
961 459
449 31
88 841
342 834
968 749
38 75
518 705
338 753
570 676
674 579
622 758
832 503
782 997
734 492
35 672
970 333
717 268
957 65
830 977
500 412
62 447
155 203
429 1000
231 348
268 298
469 423
588 867
130 263
403 777
130 438
666 356
169 324
745 949
616 763
231 2
592 410
785 370
823 478
473 766
867 522
615 920
818 250
158 619
140 978
642 396
257 170
700 250
610 156
762 431
106 203
521 950
774 544
284 820
516 683
93 365
836 136
406 457
551 679
872 930
251 553
452 256
916 151
116 548
362 533
661 197
938 474
560 472
545 340
